10                3.148886896463785056710               0.437542422419423260305
60                3.097247317817695577702               1.096497837165955946404
110                3.072028317526571683516               0.803638033809808027819
160                3.117666437954039082570               0.795776940890897899195
210                3.144531725454621895466               0.388033019709131898889
260                3.163055656910951807248               0.282363679342665763183
310                3.126606950557478725727               0.619632089971982602528
360                3.148576654517071027328               0.565669755438386046009
410                3.132451379673318658803               0.826827732027259787451
460                3.164611419041894802007               0.790910155501285183632
510                3.150694364239245981452               0.583785318552853871310
560                3.179984048826251630260               0.494253157062551073953
610                3.206495252692893593860               0.379937460373776014766
660                3.104658317897059482959               0.559736510278161736309
710                3.115254280222135019329               0.842751701881590764565
760                3.129428897491812744391               0.625472952539693372032
810                3.128692552761984657650               0.696876338998293265448
860                3.162231752390575412193               0.511882695178466740060
910                3.166077364801330507049               0.403917395586062155655
960                3.169392063402524772897               0.325841757931498610112
1010                3.119335445894811709167               0.692857115066492279531
1060                3.132786378257015780235               0.505633967877354595366
1110                3.154625274766930775883               0.651161613646957460055
1160                3.128857495176370573375               0.685233681492694701731
1210                3.125284950954447360516               0.516945276364884409581
1260                3.154227921536587153639               0.341950944901810882648
1310                3.166715646613516454977               0.691650948653594221938
1360                3.166467947287668227574               0.574996551595394866929
1410                3.140505665324914819081               0.554742480495300505083
1460                3.145710860060606961497               0.565256172107638676927
1510                3.136614813282538438699               0.702083390686824349025
1560                3.128583618161494328547               0.732251591251873001909
1610                3.136020965982730945854               0.673603088915634140577
1660                3.140286818262396195678               0.657835656124966972058
1710                3.158148268167793037975               0.689790449125204707670
1760                3.140057078376338406400               0.687110413779818296476
1810                3.107944204335099325220               0.704866025633816284390
1860                3.159768940873640019618               0.525392255245994643786
1910                3.134552694045792176070               0.683635758583172714609
1960                3.154257842139577938667               0.605590637491170591389
2010                3.122931930707713021889               0.763605990150275193429
2060                3.123012504552268087110               0.749620007863082582489
2110                3.141714104223924497461               0.540974309371464512353
2160                3.125116922735357238849               0.764437620226909975152
2210                3.140272030491653154627               0.655014396299719803274
2260                3.137345662306309179712               0.478272295482347065132
2310                3.148360611969172939695               0.600426686084162941626
2360                3.124567826621596378089               0.743090394573473034256
2410                3.123707548355643570659               0.777217528280910729954
2460                3.130900122815895247896               0.710020502748451076691
2510                3.152936673225299468726               0.644876978734863270937
2560                3.149521419861330162604               0.582785457605594747754
2610                3.160151651412852480405               0.584989430550536204656
2660                3.153602515292250885182               0.614454252712766990641
2710                3.156480345017759869819               0.667496440531360479831
2760                3.150911930135956051657               0.590168533710852094565
2810                3.146352706785496167186               0.662780417460442805577
2860                3.145704442357657892870               0.732510199388124338959
2910                3.142506632370288599532               0.628491038146018365929
2960                3.141071161236569153630               0.595729313424419482104
3010                3.128676530144946177359               0.678930036511090850837
3060                3.134305204918787168822               0.663371647469391367835
3110                3.129117351424375303992               0.713732209002035045131
3160                3.147425201794741944639               0.629960808364413704652
3210                3.152327978713044043246               0.630803398996710895652
3260                3.143748754435550019082               0.698675632457925077645
3310                3.147169418449361266710               0.679085066457181807387
3360                3.132096556414865951012               0.737896366921124702287
3410                3.147414500425071981482               0.610287276823785029833
3460                3.143268173692128186758               0.646315286649260078988
3510                3.151450626072703098401               0.588144274770002084551
3560                3.122219107862950870924               0.752850744802932569932
3610                3.139100267062906013393               0.734628283486152389159
3660                3.145810571664496624322               0.587572277164857492693
3710                3.156185414460541682757               0.626872962012298140522
3760                3.139645786433975516161               0.647752587363189524794
3810                3.130261149137846921064               0.607995339151241709352
3860                3.148028275224202587879               0.699786301222775519726
3910                3.155295428918801103890               0.572372830933748910631
3960                3.120266708167055202949               0.749665845737024882922
4010                3.130697438994049619509               0.675090470561871991428
4060                3.128136655993588366442               0.642885029200478408384
4110                3.141804927726627560958               0.714783119117236798168
4160                3.145868493935163989761               0.578145174001267747599
4210                3.133440672689131734074               0.652641193665344787611
4260                3.139873222917425099610               0.702632360776861197849
4310                3.147736944711468698443               0.593003069392969761608
4360                3.139627446365730101263               0.628569636136204312749
4410                3.147887120406100969205               0.550378393909372376491
4460                3.148316475281804915909               0.630201357550101093352
4510                3.142505329350835818758               0.637476192980140021760
4560                3.140487015548712346202               0.688781252423726564338
4610                3.137461938166716368670               0.584412087380512201840
4660                3.150281294998932501983               0.716172776958504231359
4710                3.146232471404128538950               0.573262325546199491555
4760                3.137092810785549357178               0.634243127865884437355
4810                3.149328243226556800494               0.645524254257663576695
4860                3.147840421654807485652               0.646276584358563610522
4910                3.158834549823534842972               0.562175688212135038491
4960                3.134271257824746914622               0.728197460292358211831
5010                3.149781751108271965478               0.602306736291486122248
5060                3.126704554301656724391               0.730898672404130311797
5110                3.154608039823012965996               0.582498100052954770334
5160                3.127651491177357634399               0.730722912217388498313
5210                3.150236402576914507279               0.597724714548738988995
5260                3.139164611477321287225               0.713227871367045462847
5310                3.148371224378899047025               0.556924663495971694616
5360                3.147362373983122463272               0.624912054569595309950
5410                3.129501650347958019438               0.739742512350778258501
5460                3.149633422291758133582               0.618315718118060742015
5510                3.141426105967993986923               0.693972067691601135486
5560                3.141312799355565843484               0.703401416805452983638
5610                3.139352478800115253676               0.591357458348512166069
5660                3.133979404389024114863               0.680520326064853575687
5710                3.133493260504013555590               0.605570218425827366815
5760                3.130416038577882087424               0.681560083958917317659
5810                3.129408010886046032084               0.619286331657242450355
5860                3.138846027648490633055               0.655188408540158140347
5910                3.142186405917472225013               0.608876811511174453884
5960                3.141985584861370472964               0.629506722397640605671
6010                3.138423785206813754201               0.671565994472573257745
6060                3.144938150005200938608               0.679256837319917261553
6110                3.157346024859461586232               0.574635308259870525305
6160                3.141403163390390496090               0.631874628072403576873
6210                3.140860119538984918108               0.639176323498641396625
6260                3.140421718186937383166               0.661557295011260926287
6310                3.129399323293977186466               0.707864430529577481899
6360                3.135853568129724600055               0.682647201052203222993
6410                3.144347357140997001324               0.615562499878586910640
6460                3.151086208497125618067               0.599265839622841300915
6510                3.131427201589222608646               0.700824713811486477155
6560                3.133704654454741334035               0.682839656590305543737
6610                3.147674089840045930089               0.593543383633897581042
6660                3.153018509896959642447               0.610688538257682544952
6710                3.143234636403160031648               0.651340847848332349379
6760                3.135500082910287034110               0.650273310231672230231
6810                3.136347275324212091618               0.722525586860497504027
6860                3.141452871039856820090               0.673772973985990675239
6910                3.148942074868547269517               0.629836332675905552492
6960                3.139652047628795905609               0.625558134925012887528
7010                3.156520277820628717080               0.480408584139191019435
7060                3.146298795278386961627               0.540853411568445574531
7110                3.148446326160497577007               0.544379521392408971536
7160                3.134641911091009536250               0.732615873784590809770
7210                3.141039690305488019106               0.613784905179953543808
7260                3.152737344498900640133               0.548412137292879964257
7310                3.132963471696542434586               0.688996940109096511762
7360                3.139702064248755419840               0.602165049304257848917
7410                3.145313865020683774532               0.674547542645718700705
7460                3.147060089890657774703               0.594315958823473433625
7510                3.142840409149765257268               0.663831183905561283964
7560                3.133707807384284560470               0.686282430587255132259
7610                3.147302774370491551537               0.578953857014466000130
7660                3.131504202272708425880               0.681951045662347432597
7710                3.137992063498529660137               0.654465035849374543453
7760                3.146321074313044974247               0.677557830161583218853
7810                3.127586799840713638332               0.661994511893125858748
7860                3.132982408261816953399               0.734051062500967743674
7910                3.125618797154025241269               0.716348072167496630058
7960                3.141721950489739789703               0.648120953466666760434
8010                3.129534594968692129413               0.673728252627642909545
8060                3.145165605993736956947               0.600150399386100152910
8110                3.151482498417425670567               0.656491039822196920106
8160                3.139804546273964547254               0.693945318194048144100
8210                3.134010830912031586593               0.647459826294617846187
8260                3.142145624294516270680               0.552113438724189942164
8310                3.139360281328315238625               0.595098646983820755985
8360                3.138591669418570706540               0.633099273848817700738
8410                3.139865871324279744670               0.672964424760453816532
8460                3.144385002756921121403               0.611634102063452811393
8510                3.143613423009273155628               0.665482767388657747709
8560                3.157018412288381092878               0.566967533463317407971
8610                3.146102944336986340090               0.629219121776768308685
8660                3.151403784591496393119               0.586109816396547911310
8710                3.138323363212272898437               0.546821085671268747319
8760                3.140592501402973635294               0.686585460454085416693
8810                3.146744541973315101302               0.600555117711953800885
8860                3.133977543932238152280               0.662633289204884290413
8910                3.141003412730181576507               0.675590868128581822916
8960                3.140649678757020168973               0.642791374144135896351
9010                3.139943686414520040984               0.601076360755716354589
9060                3.136234294043255488305               0.657493602645101482551
9110                3.141827837933452105545               0.587132615630191700973
9160                3.140560199581405420588               0.653406364689680940749
9210                3.141332904514012813735               0.690556297995892576225
9260                3.145203252588497644382               0.607735073730231722955
9310                3.135912499872175462912               0.690402100146010888615
9360                3.146744935198567905132               0.565801036070594398630
9410                3.144590994667734840107               0.622642909981631187399
9460                3.136100536387273596262               0.659868655666311809682
9510                3.138188499850678159220               0.647847085166266101197
9560                3.141165793479688606027               0.662643073663359727377
9610                3.147092266822053119313               0.651822420831095872273
9660                3.144874675541367015086               0.634217785449052717794
9710                3.145412401928157741793               0.644336273109837653905
9760                3.146307639885230322818               0.591289190502306660768
9810                3.145615261366413228927               0.625214308577914934517
9860                3.147202220149338369737               0.594709964741685248590
9910                3.144186526935075054467               0.641574133062855600507
9960                3.146004978783089711669               0.618286993460056777394
10010                3.145862649524431287062               0.648363587399478080719
10060                3.138183107495584156510               0.633082574727252489488
10110                3.131619776885015582479               0.739362752930990407840
10160                3.133504616330178738082               0.639750819013421678783
10210                3.134600438079568451855               0.709128571700268661715
10260                3.140808134862516975971               0.657066554626459353727
10310                3.145432000125369942367               0.621245216286873458422
10360                3.144497248566670677405               0.663676764442737598948
10410                3.146578517878898306748               0.616695576660748590037
10460                3.147768129210947840591               0.595050094282872366058
10510                3.138046101214669647561               0.641996900450347407485
10560                3.134509305471354867478               0.673611805372804628433
10610                3.142434889668362263393               0.597651345099523556570
10660                3.134510720368682168413               0.720807671805379857055
10710                3.145637963507764478521               0.634026801363351988350
10760                3.149461618596075762611               0.557135742593294125413
10810                3.145356652640685535260               0.603832331611596329068
10860                3.151863598977545866120               0.553738582825563874223
10910                3.141541666934639653874               0.639374602261287616756
10960                3.148649562350504638175               0.581362316586642724481
11010                3.140541385433542664884               0.630345736219600105699
11060                3.145461592279159113161               0.625299129430994526935
11110                3.126548762026241767842               0.707854606052024215579
11160                3.145858327649119878799               0.586449107534548930154
11210                3.143347086852120053635               0.649153217779879665450
11260                3.141883636903984644562               0.682219903236349956011
11310                3.142497015060960574573               0.652149441251681616372
11360                3.133520895787799798171               0.668298010967810940386
11410                3.135624639077535302789               0.684824183206282022240
11460                3.130657651673831143313               0.714135061753629729608
11510                3.137432061597087873395               0.630628845812149174677
11560                3.138702503090016637799               0.674669468661627691475
11610                3.137135758000972884929               0.661727230291748846902
11660                3.139939572489129027133               0.644049344468166640176
11710                3.139755350348501394819               0.660941838201970055522
11760                3.145310922844827050682               0.568965683686704193356
11810                3.146888365627035000216               0.665885257552788156765
11860                3.141132507393604722523               0.671596026648055954844
11910                3.138719685258717362331               0.633953045278524141004
11960                3.135480012328347054762               0.668888914106894216793
12010                3.147864303290694110160               0.616980187023275394864
12060                3.136086141032999208278               0.653998420473015262822
12110                3.146349683042220846119               0.574034943922176577047
12160                3.147185885809645533584               0.621022538216243646936
12210                3.138409559842479712444               0.708600561095967584890
12260                3.140442942636211931529               0.615723238875914957724
12310                3.144160469573721083947               0.602613160867387032127
12360                3.141556550003225201095               0.680812477087810452581
12410                3.142252393369957541580               0.633618305686017735390
12460                3.146677975838231500205               0.650042401528914681741
12510                3.142773763136912812399               0.610684217329536371821
12560                3.146696510780754518777               0.611165046103381626175
12610                3.144998880080364767053               0.639507825675328156478
12660                3.149255719053964508447               0.610703876591162209131
12710                3.134080375705710519441               0.662382886178321972359
12760                3.132562749680704250466               0.672454828224477996201
12810                3.155687625806441243270               0.573674272561093268052
12860                3.137920445764006860401               0.617320533821957506682
12910                3.147777219751787924906               0.551067954359258149744
12960                3.145433503153012733122               0.578206714137515565000
13010                3.141085774068245850543               0.604294905175251195750
13060                3.136134521532782049036               0.671480298375713324788
13110                3.151674758226167494257               0.564693141719712410342
13160                3.135904998254768205612               0.685585133897000598147
13210                3.137566755015348096691               0.644347859467808925515
13260                3.134912864835855739187               0.643482691726842581659
13310                3.140462869456013272895               0.637753224822376729719
13360                3.151907712905863689912               0.630782133066215888739
13410                3.145473321048116055465               0.621551533911548936828
13460                3.137431566375794567136               0.650039020876910345059
13510                3.132094134965578646757               0.698510375814116568627
13560                3.146899174206317706393               0.624580467953127049796
13610                3.140668162447189715181               0.619515966271939499954
13660                3.139051556169706547195               0.653962075320767111108
13710                3.145335763136008822016               0.606498915561492490944
13760                3.146710917265095108775               0.615867605444148535909
13810                3.147847086758082557623               0.563452640521677761143
13860                3.135584189739077487502               0.674333946741853540452
13910                3.151751002329839401739               0.603268235621811754754
13960                3.140560286194783223834               0.687043601210790666478
14010                3.138971073486591212287               0.689666278435149826542
14060                3.132475581923397811579               0.723288057935296935241
14110                3.130372195992714434709               0.729346931623178984516
14160                3.138023650608280146201               0.606318059463357816874
14210                3.143531370178981099173               0.624370430844517820823
14260                3.139387474725081172977               0.592113852202715951201
14310                3.138640055931125605326               0.668134641348930857774
14360                3.146291805051368850599               0.618240740228223395469
14410                3.144339384597905073804               0.598560241432939843520
14460                3.143829109930357468272               0.639808473949175504636
14510                3.143902465334894369420               0.630521267982058319923
14560                3.140512960571681499999               0.627379888399660190501
14610                3.138249624341680199535               0.644769800387648972517
14660                3.148875565706608981031               0.596101906771637990445
14710                3.142953783648007259899               0.605565091965348023528
14760                3.137919581188320705678               0.626578688304332942494
14810                3.147205443520735279606               0.635466722442955989081
14860                3.141758639255396001744               0.646260041996916667628
14910                3.145636456919898460427               0.643141212044043508733
14960                3.136800535400707357070               0.695461218805847547486
15010                3.146620783241556473797               0.582741015515864213548
15060                3.133451551487554276321               0.701316882843835531780
15110                3.140272817840761732100               0.652035548769764661259
15160                3.141904290642121733157               0.619034683400436880341
15210                3.131791483720373747701               0.669357921663127686251
15260                3.141723364387650097029               0.636845142805308794820
15310                3.131072823511113600858               0.725640617588056646703
15360                3.139671521463907932770               0.682489010670590867669
15410                3.142953588839354495121               0.615566723139947979959
15460                3.136750693279342527831               0.674513147238991916943
15510                3.146357318087835697185               0.630046971999386529184
15560                3.141127277265013173491               0.627251904509226188011
15610                3.147082701449794406301               0.606938415920894369648
15660                3.136787474756678850696               0.661931355198239201876
15710                3.138711432638956466690               0.677753056419787336395
15760                3.132944705949165520309               0.691063719906342743826
15810                3.144562471126944203093               0.605747456666206107734
15860                3.147247440764042725192               0.649005607034030984615
15910                3.141590970463131959889               0.629864341007749239942
15960                3.142010716265664971303               0.682808018017448170589
16010                3.147062493700046204026               0.596493984704693169796
16060                3.143849931626506055693               0.615629195509416415888
16110                3.142216780536249309819               0.651055658906748657699
16160                3.146720119607902432790               0.629272895779649510395
16210                3.145122237672377529805               0.616821687606815771687
16260                3.140070643600311850463               0.651959686602830434943
16310                3.139938789996641776980               0.675901426193063148418
16360                3.139964050497267677997               0.667635478695073891764
16410                3.132780186013455203664               0.633746486870090275367
16460                3.142865060100149765532               0.628224156827784985246
16510                3.140174437074566338168               0.672124555362549225279
16560                3.142131985988669828913               0.617762369514262332792
16610                3.139310515800335377179               0.647981834888376684312
16660                3.140572298138813334134               0.649330565660778069592
16710                3.140853971442136849390               0.638721418393429329896
16760                3.139273996655470799766               0.654042089965021444797
16810                3.149811224362803141474               0.591989988309963854896
16860                3.147541818801724566868               0.590710830453961666109
16910                3.142043889243997245586               0.614589318580276211534
16960                3.144815433483453048780               0.628992576063778230377
17010                3.143927461938601730651               0.568128808335805479679
17060                3.139849456492048496159               0.662213676606293821791
17110                3.129726538462977991628               0.712660850806110746092
17160                3.134695719659849721950               0.666521292466963677370
17210                3.146525844283509787402               0.632328215556376083128
17260                3.134246950234278905612               0.729661073315535202433
17310                3.135706950697030759301               0.654828615128331126272
17360                3.133111318247609577980               0.692932364449112436766
17410                3.142389204528386770221               0.647544811306575596177
17460                3.145049937637426573644               0.613133567361038411825
17510                3.137535319907335917833               0.616831425422196932828
17560                3.148052986940622854917               0.637747702125063375966
17610                3.147935653105021547304               0.614955159786571337044
17660                3.138987235872329861763               0.654273125801512533961
17710                3.144310514051845917294               0.633336344768287484719
17760                3.139493865234987968194               0.637249353543660856936
17810                3.141399192043864196933               0.632499297503672619492
17860                3.132370136653581660369               0.632210164751799807981
17910                3.145712522346343575919               0.608979641290595341552
17960                3.135392041399231999321               0.624651399718330946342
18010                3.151643012794151488265               0.629676928232421384557
18060                3.143008537149889036755               0.662137192316306411044
18110                3.139028683380792994484               0.633580784610012548441
18160                3.135471314575057899532               0.676485102334903554144
18210                3.141565054601294537662               0.624116420665780435861
18260                3.135571322032087326903               0.692285232629021418660
18310                3.135564278873629984190               0.697260017952531785390
18360                3.141862357983754794333               0.644476893865580935383
18410                3.137491596847901131895               0.646443678113190034473
18460                3.135506521184351580445               0.701644266151981166324
18510                3.138151995052947285103               0.690866238133981180880
18560                3.141602262890770713710               0.656847326378231954891
18610                3.136989753064558517082               0.697672086391028178909
18660                3.142119556671515656632               0.657991069172476850113
18710                3.146793647191599596624               0.607735438264894067828
18760                3.143119620161660687785               0.642193732425043850576
18810                3.145339467171726965944               0.665244998334620585290
18860                3.136379683112088034846               0.686683026997407908176
18910                3.141144556142633437190               0.619840637705815877823
18960                3.143167598857373068455               0.653332345852656870555
19010                3.138775439959846202953               0.646243514903761862023
19060                3.136161911539028679385               0.630279263376100296057
19110                3.143208570768496912251               0.639784562791813171678
19160                3.130710162226448378675               0.694467371737846228541
19210                3.143519620101459022266               0.616630415863312575375
19260                3.145044052034873693913               0.637359217023627966370
19310                3.143092631654813118303               0.665459262441199017601
19360                3.148171620774432355461               0.657181202722094459645
19410                3.142100711810220214915               0.621863408842586506964
19460                3.134689725427659112711               0.675711666665039456525
19510                3.139849360580560855283               0.607472930351775630697
19560                3.140261997965226203888               0.640199347648113037401
19610                3.140356482992094910855               0.620559202214445049250
19660                3.142175553838525203787               0.622961852936829041383
19710                3.146195480327197646631               0.593024217951807708360
19760                3.137887057618282238280               0.638842269581947563850
19810                3.139759951549081939959               0.672217761416655346096
19860                3.145926386589033452168               0.616431110802791004666
19910                3.149504741027292720190               0.627663788486887641582
19960                3.139685254669086766910               0.655700796884084669003
20010                3.148580374061481279568               0.598502588258961742973
20060                3.138917357847236910828               0.650717834366764669163
20110                3.144680502009285394394               0.635459373783582415207
20160                3.138862814326452532754               0.647649211203107366686
20210                3.141116757708925621984               0.621393141636846113585
20260                3.148935009467055401444               0.592525296801242218336
20310                3.138794511085416516494               0.678133477829203745735
20360                3.144989818806357639858               0.654738819382191805651
20410                3.140641621554219664603               0.675031553883875146127
20460                3.138666731504478502046               0.668307522843395007683
20510                3.146045636320817351361               0.595835088101094090263
20560                3.137359471688220491359               0.650760372000893316802
20610                3.140891844703637136860               0.666410281073880783609
20660                3.142577100352187624566               0.646589500427256491655
20710                3.143135285541776902107               0.673625540195835981194
20760                3.140731248165737010680               0.595397642760626122360
20810                3.149229355250749762263               0.610033522777697401196
20860                3.135543424693145730942               0.652792169060553484350
20910                3.135008698548813477203               0.666167096292196614371
20960                3.138233138938922639483               0.652026535886315206092
21010                3.143651888299229035795               0.587065841771381990988
21060                3.136788450431990504796               0.659422104187479596327
21110                3.140313452454714937545               0.689353030495160612467
21160                3.141578893934235949814               0.611957552394861603595
21210                3.145084215134692495752               0.593620817945780143710
21260                3.139138187587440675941               0.666668324747136220587
21310                3.142347183428721990595               0.619693635941939158229
21360                3.149238225160172710559               0.594585314839449874391
21410                3.137189177640596682295               0.652300673542263065308
21460                3.135411000160801542336               0.679519462389788775347
21510                3.138391617096528474207               0.653720942666674686983
21560                3.148867943985026229825               0.586910384764131265456
21610                3.145744895037275501437               0.639919868850036377417
21660                3.137178441284854013560               0.648939759492460410684
21710                3.146721303987838336269               0.635719280143751785950
21760                3.136185043502192737463               0.653024869287163411968
21810                3.146665516123835715234               0.601063267628050845737
21860                3.142068455290231820953               0.612897270473656274881
21910                3.144011253838433717078               0.597909972428677605194
21960                3.136508925122534208185               0.665361133675411720034
22010                3.146228951027348674785               0.644940562346563273088
22060                3.147968542963750060437               0.566176749465768236469
22110                3.147117990531451248160               0.617089202124032953911
22160                3.147570231809554641700               0.578326054545658774231
22210                3.146245289825979618570               0.647324038201019025252
22260                3.140708634017273848116               0.662987790912631935747
22310                3.136038251940736820700               0.670423251130254027608
22360                3.143094514544990225602               0.628887069147494481847
22410                3.143794119164773359643               0.678479452890667800169
22460                3.139774780637744289180               0.659554545351815568743
22510                3.131984432790824168791               0.697545970686564986707
22560                3.139400072570643018821               0.636119344083697302317
22610                3.136856929394542969902               0.669764464869845310702
22660                3.141668934496264053990               0.626310197118845835007
22710                3.146154337736402073489               0.617370615077489581779
22760                3.138898749792438991335               0.608788137124981254544
22810                3.143485838641512764013               0.650881710092003906709
22860                3.140162815901125892282               0.657105978826122316683
22910                3.133265065546956051890               0.716728457926003037493
22960                3.137363212315952054610               0.677095843242038419874
23010                3.140036699740100356593               0.645642710513229967084
23060                3.146523965884246987201               0.597296454481229033284
23110                3.145411964634012846886               0.624994595866700142217
23160                3.138900951214211421103               0.643602513659059072282
23210                3.148055129106487104451               0.606671453728592768861
23260                3.142072240626775592176               0.634722933898096863814
23310                3.141423530319628287799               0.663850192570311969931
23360                3.142851062819282059735               0.613557790108177791844
23410                3.138976966798532330927               0.658938140914597902942
23460                3.148818653873979744873               0.617221664135571779219
23510                3.135477267859460681620               0.677376630582587790919
23560                3.151047301977341508206               0.584560747240297828853
23610                3.133760785434490436785               0.674447018713473678275
23660                3.140573937282381322689               0.607565618491345715846
23710                3.141378211003002629553               0.663811139221620605255
23760                3.151425006355865310326               0.585046005814785829990
23810                3.141338847376174747694               0.645727001621261065267
23860                3.145201842658863267133               0.638381824387836749324
23910                3.138614586796872885088               0.647108287559499451014
23960                3.147304394107079072995               0.645324456852892525127
24010                3.136922346541185735447               0.654717373838344496306
24060                3.135475101101377948254               0.677157145135489080268
24110                3.147436940257334114790               0.642712957552697417007
24160                3.133314342025723675533               0.691631927594680728788
24210                3.142469958274053176694               0.615959107003893557852
24260                3.144274962420715358036               0.605121289598550049504
24310                3.140677010413181591275               0.672088127059494833127
24360                3.143994143039205546586               0.618403491947629890824
24410                3.142450174216871783273               0.651123430819265269776
24460                3.138068820206981968113               0.708316943275856814033
24510                3.141144347563765482079               0.654380843312441951021
24560                3.144471267504669764747               0.627958686800866972000
24610                3.146665304736662172047               0.649394009042420727873
24660                3.141633332327629535285               0.648315255036081783402
24710                3.145218466264449563852               0.647512636757990089897
24760                3.138592202637327854831               0.683289656758257257785
24810                3.143254905061510839914               0.613750939226615388478
24860                3.134925765452801105226               0.719741067330012529446
24910                3.141154558206738389714               0.662953012348257986197
24960                3.140995257216129044053               0.657442041379346364671
25010                3.141866069847377485047               0.693669097824874514302
25060                3.136388564476618068255               0.675223280205691001044
25110                3.140956056316471567413               0.643178320717894047576
25160                3.143093951760761672887               0.668336753678163808523
25210                3.135422233563038840742               0.658874218691639645940
25260                3.142945189508948633517               0.639054650048833994269
25310                3.137485060020791305391               0.642758540526680133276
25360                3.144535637323125243370               0.624275309319640592243
25410                3.144376138929337649586               0.646115266453685777037
25460                3.140471511112659097620               0.622521048988811109837
25510                3.140442558136477657627               0.635556217667946898864
25560                3.144405922817189225071               0.625929490538021826573
25610                3.139028486278819585209               0.654497848169046991806
25660                3.147670083140995167525               0.603311413847770983132
25710                3.136442188055394098001               0.638680873536266680013
25760                3.141528242348120780747               0.609427840444282997723
25810                3.148492045686146934003               0.595954538265664024443
25860                3.144150774685080307336               0.640850612932426844104
25910                3.137264848725882959712               0.677875687507505486629
25960                3.147845749882098420613               0.583801335393153708608
26010                3.142048516204263286511               0.622840407877411350590
26060                3.150133166753702695928               0.626617501044983371550
26110                3.135302555612351937953               0.683374258784469112982
26160                3.141122810362312556265               0.637990216028677559201
26210                3.142233496016269889139               0.626541533518908733136
26260                3.140451556336259386626               0.672966344528443061179
26310                3.144442260412681378057               0.647547736850633826045
26360                3.142659627574928116189               0.640609593497998064393
26410                3.138859275477162924517               0.634663629551889374447
26460                3.142660774113885224779               0.646109090866612278958
26510                3.143887106383743468285               0.617087459894664847049
26560                3.140499587039787598997               0.639350560653930255484
26610                3.140630297153825356560               0.647761858257594691501
26660                3.141562853411279387927               0.623237761256726696679
26710                3.141152258400716767994               0.619907105048510875811
26760                3.141520967038143652417               0.641161562839995924357
26810                3.143421029562877055952               0.650864016850188686902
26860                3.146256015792688653931               0.644585224601913697740
26910                3.140570489225082084772               0.631289248026422500359
26960                3.145005420823391961704               0.616341264891216766841
27010                3.140163219137038996820               0.669614853530042908325
27060                3.141861510384174049904               0.694303837926917633006
27110                3.137002789846463191026               0.645285312699494295607
27160                3.141013475437900215326               0.646289296301875371142
27210                3.137810591550969085972               0.705377994124123386399
27260                3.142902656926059634657               0.640896211378477076437
27310                3.141103428328968050209               0.639837982818233452775
27360                3.142256406181808348066               0.640953271875863817009
27410                3.144447699657231254378               0.631842717315582613757
27460                3.138200519778344688149               0.677745901372287296027
27510                3.142150028502510572537               0.641932209529336716969
27560                3.138473589666356033945               0.653268610228472157431
27610                3.144624508597579470859               0.626543272926001315604
27660                3.137774037380241853867               0.690846270052160149611
27710                3.146263688315299678067               0.647331596727917513157
27760                3.145693417881957110183               0.616134001136277809074
27810                3.147159501536133330291               0.621308302410588098041
27860                3.140059453750620122037               0.643238212932701336477
27910                3.141918682201651158437               0.632919636751073766412
27960                3.144320151807771690500               0.643918098841917085906
28010                3.140191735259641347966               0.625797367697494832939
28060                3.141337669797999332388               0.644416509484278532405
28110                3.131905305015707519090               0.676807236521309585342
28160                3.140511698533378748266               0.642426200514736978064
28210                3.134794841185478464496               0.646471139348108847500
28260                3.142461289558500237007               0.633073687026893705543
28310                3.138300434701713825802               0.649994444796210157911
28360                3.140571921593706239406               0.617725315324346380130
28410                3.147877987564940305276               0.608400682755481203579
28460                3.137501404858899611838               0.681965076753433985246
28510                3.146076323259314300174               0.635136753245811425117
28560                3.144401221335160201420               0.625833683542561636237
28610                3.142560336510690000011               0.628311134296198559035
28660                3.132533430104202487598               0.661425915822267396216
28710                3.138596192709461440984               0.661774515475085367555
28760                3.141160560767245257807               0.637107131466162601718
28810                3.138125601379904150434               0.653829333318004080056
28860                3.137167430779435939314               0.664082780036540754054
28910                3.143312106240209846675               0.644880002945090624600
28960                3.141446545509507970451               0.642815210771348732877
29010                3.131798333469364870041               0.687580517677513713970
29060                3.141351763633244864593               0.629667227817494734587
29110                3.138660068737460395738               0.660917882946452261983
29160                3.140279033054479196352               0.675619780262113667213
29210                3.145231838822712511217               0.626820507185474440348
29260                3.139617081576456136816               0.631762019587446821411
29310                3.140184274120318974610               0.679178617637285042541
29360                3.137510706750570310675               0.664424705683661187550
29410                3.141794587815756933935               0.667342006792863706721
29460                3.141918787768809284700               0.624300313420493413474
29510                3.147380101558599818645               0.631248331642793925056
29560                3.146862618251383469925               0.610822540081979781235
29610                3.141156697336989989111               0.656493774362487347851
29660                3.139758831913098902078               0.669669419070200611088
29710                3.145678301775783225480               0.610659299286396839435
29760                3.141332942995699095690               0.640420785024581107336
29810                3.144472464560756908014               0.661164579195324453309
29860                3.136321360402780200616               0.676596147584337725966
29910                3.135505027817196754825               0.696408902822592490445
29960                3.141838812699913052739               0.623183061001501781284
30010                3.140397014204958647809               0.647032718911804249906
30060                3.140738261563221112027               0.618914818397818256024
30110                3.140980136608895634254               0.666163586887883130139
30160                3.141587166973483391530               0.640248094391139943582
30210                3.144388820266398987258               0.634331693362806481318
30260                3.144238318941489307434               0.619208167279611920719
30310                3.149624508726115212909               0.603655421209216225265
30360                3.143120018554345307393               0.652441828905233500713
30410                3.140920246725194431292               0.642163056281286226401
30460                3.142971533352499680092               0.659265051609482344297
30510                3.140783946513706847981               0.672233620520588104341
30560                3.145995411221748749853               0.602699321061553661139
30610                3.141471678505993292418               0.665146015459764927691
30660                3.141878923489953567838               0.649780521178147885131
30710                3.141789980775490320752               0.616568566173638532568
30760                3.148320405563096446855               0.559744852849752949631
30810                3.144494184715487694604               0.624121977222892643233
30860                3.137363585390090747751               0.698423965464018858817
30910                3.140521984682579592629               0.610395677166272077052
30960                3.142815529412347430593               0.624062315421895719147
31010                3.137943719200857461971               0.657638619286732062363
31060                3.145035088619406948851               0.627037542663725022685
31110                3.140042759044207709707               0.664080723550920182241
31160                3.141896833093376084634               0.654584740448454938111
31210                3.137162974360506950688               0.645207193701985315393
31260                3.143649805970595956239               0.622196853447006703597
31310                3.139419296853971363959               0.652778431659634339468
31360                3.140593322063025105706               0.640831939832399055668
31410                3.146196502050196741607               0.597868541456118451904
31460                3.146042476114470520798               0.595697149749220944415
31510                3.140691296453707703762               0.617648191579842742449
31560                3.141322806547132806543               0.659777697476611080241
31610                3.140583377971391421113               0.681545600603776335902
31660                3.144386064865225094422               0.624898576781608094954
31710                3.140618099924829653702               0.658373828484606349321
31760                3.139430305643630347845               0.665671893100624245676
31810                3.143312864179471421977               0.625027172117634033377
31860                3.132039083962105951997               0.688400474562588349237
31910                3.139128013337504796709               0.646455828732356296840
31960                3.135718306762702578538               0.641383514406777988093
32010                3.141522287917843048177               0.642098269533737386894
32060                3.144310760294799944603               0.616185649942314173089
32110                3.138867836495602858804               0.654031425510434138992
32160                3.139451318414703262505               0.665136749026316143052
32210                3.137713268943771893760               0.663765935369513226938
32260                3.147364558848883220321               0.621068843267449377521
32310                3.141097936864558182180               0.645160721970735484554
32360                3.141032004182372716627               0.624713909122838861876
32410                3.135078738695985300922               0.662979605746641720287
32460                3.144082380452879021959               0.632249083401932643334
32510                3.144643544529066137017               0.610145596556071478922
32560                3.145676365211482305995               0.624324327788660982108
32610                3.138426672923050109176               0.668043758503475637589
32660                3.140660413195851763390               0.640547745211184071934
32710                3.139287126779344738736               0.633128057527997278875
32760                3.146546298770997118766               0.615490821739854587769
32810                3.140564643129446942282               0.667832272202155907692
32860                3.146498793917859693181               0.611821024893689280333
32910                3.142732103240124530430               0.622099317110432314948
32960                3.137868287708426517923               0.675521300180682460201
33010                3.139674642194579146093               0.643211380713831548661
33060                3.140985415830511939816               0.653321374755064354645
33110                3.149878973275288984723               0.611849699940078317617
33160                3.144350734041376771444               0.636964392628636910665
33210                3.145886874544364442130               0.635016387297865358974
33260                3.143598216773017650638               0.639433414502288743897
33310                3.141058067137750597908               0.641059656926761811668
33360                3.138669508604070124136               0.652732921225922080311
33410                3.144620655822006227709               0.621549468516561232079
33460                3.135900085067234499547               0.681485675752321773402
33510                3.139823585282374818206               0.685499453565275418399
33560                3.137965663062718846277               0.639257688996801576309
33610                3.143246642781960531465               0.611048862792026858948
33660                3.143303683836992767908               0.635678223261957331403
33710                3.140653815300239681818               0.642271624992382772490
33760                3.142112230026764763124               0.661521776814550044321
33810                3.141199438724788794985               0.660664802086066815789
33860                3.145239816284455258710               0.634966741283102042992
33910                3.140224086080044774150               0.656177126435572355412
33960                3.136580391369536702229               0.675607383019631302368
34010                3.140107278543387003822               0.668881301684785989359
34060                3.142387951335762430460               0.637271319383955647808
34110                3.144033701693073279415               0.597262490451836769445
34160                3.138637340208861647994               0.654595243768803292106
34210                3.138225279592842031917               0.663959803266237047481
34260                3.137428536221966268727               0.680347991932209072985
34310                3.141688235989496202905               0.657701867998695233197
34360                3.143829843205686813690               0.650694630516621796978
34410                3.149889526844522169569               0.579454956685500399693
34460                3.141239232013599114168               0.675613039936406867270
34510                3.140121182724496140537               0.620829588455720449147
34560                3.139774318249120454993               0.664937092576655675025
34610                3.136127273260395309507               0.660501474204915783872
34660                3.142427426958044112126               0.612276631091578371624
34710                3.142841012694097990732               0.652894035430347963178
34760                3.135670994942848288645               0.659646847509926637088
34810                3.142025433859869654185               0.640220076874546184520
34860                3.139930583512625883458               0.639695740355944786337
34910                3.142117892870900153213               0.636396611529021272169
34960                3.142976528205255526416               0.639697129384501739224
35010                3.137133040290846608400               0.664328484316599632287
35060                3.137913081200333742515               0.669891683422528694258
35110                3.142421883862150711053               0.609207323969203629055
35160                3.144597957445597558035               0.613772520391252407457
35210                3.138425817492422442712               0.612049485542666693583
35260                3.145950587919088992095               0.612926350980459666573
35310                3.135133766247769404600               0.691324010082113971087
35360                3.139963736598887500406               0.662769129977701765277
35410                3.156188123981668258722               0.548679356814829599642
35460                3.140037616292272737439               0.654691939994629601429
35510                3.140883721312861531771               0.642292132932771653309
35560                3.139545710390853727745               0.650460223036912865702
35610                3.141841186149634257418               0.654786734753434185308
35660                3.137429740641591635608               0.665693331171913982303
35710                3.145738478232733559281               0.614683985947765076929
35760                3.145074241860911890001               0.645392822944954480668
35810                3.146488158030796622455               0.615879253927917758027
35860                3.144122692722389089681               0.633372028026886524366
35910                3.144628936739714220039               0.638178270157713001254
35960                3.139045875047659084345               0.668780945121033365552
36010                3.143257361006469796649               0.647332263327884960269
36060                3.141981319876127720647               0.633677075993926308684
36110                3.142755068849289123989               0.635712968010052614787
36160                3.149267365108120664274               0.597551798884439322457
36210                3.142013044645451280701               0.643145550011589128836
36260                3.144400503092865672983               0.633371498927164378046
36310                3.144519183608976309330               0.589136314701005359140
36360                3.139660682036774286274               0.626636427218317360044
36410                3.141988203240129173821               0.629783801806405363344
36460                3.138751554410631694481               0.670872485254532247012
36510                3.138313980687526427715               0.668166399064035521072
36560                3.145648770135796468139               0.616810192363065001864
36610                3.143662012143067396863               0.627891479650932948786
36660                3.140044945045138202744               0.641495163287228886695
36710                3.145536449807816659074               0.634134364329223987333
36760                3.148759718279375174887               0.602337553652969370788
36810                3.141094573413214074975               0.641206013072780356410
36860                3.141740744386236627861               0.649518507328306404780
36910                3.149786779317544471724               0.621972870878020001051
36960                3.139524157792818570556               0.623972698514175139195
37010                3.147317183585158772985               0.602328294972317879186
37060                3.139860188566029552959               0.688482513696381026591
37110                3.145823008514604168795               0.619368965246045233286
37160                3.143752107440663579041               0.661729245988762926345
37210                3.137259502881875494751               0.688247389961978206507
37260                3.137861913484675469022               0.643444552924424595375
37310                3.138501805941769084995               0.657824053177932133174
37360                3.138881252162775137293               0.651766011013883428404
37410                3.141085165615148611096               0.639052582990110584760
37460                3.142207980500915542876               0.655860688544903092101
37510                3.140226404074148103263               0.624702657251451354270
37560                3.139664250072004225700               0.654365110854084108816
37610                3.139891471916499643413               0.636408383627810603222
37660                3.144480413387097605948               0.632794246722817255169
37710                3.139573408719493308183               0.697959004744304611911
37760                3.145354404479153487273               0.623138852520295882798
37810                3.142849149761657301383               0.636531146417891768863
37860                3.138239873404162327830               0.643829835276662820753
37910                3.137191892766391987379               0.649418562209687411091
37960                3.142336006792357583350               0.613317741472481303688
38010                3.144201188878792851966               0.646033898213249413445
38060                3.143283765428417808607               0.650288498215223942367
38110                3.142047273569355425593               0.646768061409004446638
38160                3.140301654409036746785               0.634393873892946991155
38210                3.141065279456408010361               0.637036109170998621209
38260                3.144179857929427779339               0.626077250971799670332
38310                3.140952348260960924620               0.652928272159037370592
38360                3.140286602727895726161               0.622316653563245392178
38410                3.141306409355755224766               0.649090467214579192046
38460                3.142215061960151434306               0.648678318781225060619
38510                3.144731684870738064319               0.615203804058472858429
38560                3.140877639722650105369               0.639119369558233230144
38610                3.139648232966087970652               0.663263767624918343380
38660                3.137778660394856533600               0.658876927763703323926
38710                3.135978791235713547536               0.672902275254056325693
38760                3.140193588496350329820               0.657066839504154787122
38810                3.141352007408978241898               0.654490084118872772478
38860                3.137196551470805783168               0.661192931103553815930
38910                3.145875355400913342407               0.598848223920432021217
38960                3.142265192246472160775               0.625801052556154258077
39010                3.132222834820759249652               0.704928923069199853124
39060                3.144998470361457076905               0.629688404126464762456
39110                3.139640941599377121918               0.657200928103262582702
39160                3.148854644496156041100               0.635366611197740072114
39210                3.144951745150084132518               0.601029052605739688708
39260                3.142316033091488769458               0.672128309572287419016
39310                3.142082761164996185244               0.623197906641597909605
39360                3.145879689885213270628               0.601477215959611122287
39410                3.141663024337955967269               0.629507406164645066937
39460                3.144642105587103220188               0.620216057068944004449
39510                3.143996738927658629592               0.620477417356083971178
39560                3.139183486443801296417               0.633650582698942477222
39610                3.138454652710787939895               0.644021649206714119629
39660                3.146824419583685639168               0.613083547295941055921
39710                3.140962133603665495940               0.641474880629233967788
39760                3.141743809573203982666               0.659249470674225124256
39810                3.141606507222420852088               0.607413536945998200345
39860                3.141519737164412795494               0.640164063980673936349
39910                3.142179182020190530977               0.665910266341145695712
39960                3.148098070968257111701               0.587377943029321114565
40010                3.140625928820295786892               0.640325962885904043098
40060                3.139115674025707125594               0.645245699970178665517
40110                3.137541061278780407662               0.660730803346662010078
40160                3.138182765359841752684               0.676695428300588708304
40210                3.141698201156601921724               0.650803704664020932213
40260                3.146693546057239387892               0.617351959817127871055
40310                3.145601959828219218451               0.640536872192873807386
40360                3.144992778777406794433               0.609883351630057690684
40410                3.136955060395056893441               0.695820446124308489289
40460                3.138846019142787824308               0.673505636314121192143
40510                3.137218601566278408654               0.677202898898096150582
40560                3.144603360904608013726               0.644384767995652363304
40610                3.143121391298796307723               0.640186640323212263759
40660                3.145896935193244203788               0.644629321728572679540
40710                3.144374405523406856844               0.625800334223397980438
40760                3.143846728492167841296               0.641638169586500106689
40810                3.137466980112284087312               0.668699283535719724014
40860                3.141670058779752583433               0.635467292022814933539
40910                3.142812048351054876605               0.630172246873592967198
40960                3.145030075903665789383               0.651388353369519612635
41010                3.145474042768875211351               0.634279200473685134121
41060                3.136757295997373518048               0.660332406129606530598
41110                3.139688184466537190787               0.657555369145033985490
41160                3.144704612776214158743               0.605142150175032367265
41210                3.141325856043870601297               0.634939115187002967033
41260                3.139106693874387232768               0.650804202156209155028
41310                3.137383965148752729135               0.643146945172884731967
41360                3.144187137805569687288               0.634589200487091442682
41410                3.144972507686750073930               0.635667011373348134207
41460                3.142989682768085213382               0.639113129275773350635
41510                3.144556160968932090327               0.640389474363326605122
41560                3.140155539327849965048               0.635942174202006604844
41610                3.145775884724896442890               0.630682290092863917508
41660                3.138550111351447569064               0.651301480322016068669
41710                3.139655170384329174738               0.671463898421879035183
41760                3.144774318758189579626               0.611031200590956280472
41810                3.138680600898329675630               0.667615512077986084094
41860                3.142494407578349413512               0.622703045493789963949
41910                3.146176227625368859719               0.617608599085955223273
41960                3.145181246794314322557               0.612948741882021197469
42010                3.139483556012328868690               0.655598365967767215956
42060                3.144581469950125551804               0.642035392295268292351
42110                3.144355767137145374335               0.642421978159264273067
42160                3.143437600534483067349               0.631903311349557239573
42210                3.143398951714742928232               0.651811400497151804956
42260                3.142273805468417613440               0.638414468657219957848
42310                3.139113952221644687768               0.656413687574820214898
42360                3.142970378625715266452               0.657248108957715682088
42410                3.141513847665914127560               0.646279860098486702569
42460                3.150338412923085140704               0.599349476312461826311
42510                3.140127317704998866077               0.656407632614039115992
42560                3.136162074881231998091               0.684931310303888318813
42610                3.141081919368549080218               0.655787306812070092121
42660                3.137486833550729770081               0.675234813250807142104
42710                3.143484518617071898916               0.639606303404304132876
42760                3.141356707304416406856               0.674513133245411178329
42810                3.141135412620844835629               0.672196102132113337824
42860                3.139518291630702062633               0.645054963396184066760
42910                3.138100995963685413415               0.654173415651409739802
42960                3.146979728078489912946               0.605166021341817739199
43010                3.142611074321554731625               0.622485249435293597209
43060                3.139909356044380484008               0.671300953911833198084
43110                3.141972938781135482600               0.621247358411125438771
43160                3.145454985863909591615               0.608818035605309670899
43210                3.139754056449210128932               0.643747385735086052883
43260                3.138852018197979099057               0.646819601226908846847
43310                3.143669200084415304985               0.630903050574789237004
43360                3.139865624848410252667               0.638807524521133429651
43410                3.139704418324288592856               0.674495117387231224448
43460                3.148557520526909847547               0.605239927963063473193
43510                3.139686103960591889717               0.642207039267746138123
43560                3.141059667167324320758               0.656731471172730785213
43610                3.145244755279978043916               0.611009972406880819129
43660                3.138156266959468698730               0.644930214319169969883
43710                3.144460539115963459977               0.619673881058103726005
43760                3.140016731049537490605               0.640522327155292670042
43810                3.137718054476449580648               0.682283465947276734909
43860                3.133422879827796325714               0.701141465584227630004
43910                3.143730681462422626993               0.617274940791491144587
43960                3.142163515996711620204               0.641936927586674865864
44010                3.137306882972671129295               0.662742045693485049007
44060                3.141577051021875455206               0.634658525003940710008
44110                3.139857567791709325178               0.634052959400030369252
44160                3.139832405558306227533               0.655909106651048845471
44210                3.141205767350751631994               0.660298979542568997836
44260                3.136946171889912537978               0.636309044035698767594
44310                3.142090036406310016304               0.653783904668694959561
44360                3.140478998058391812975               0.651452692176881176245
44410                3.136539073749104122868               0.667046582484019934256
44460                3.143628155164693627199               0.595392351554921983592
44510                3.140482094850436389777               0.653574125129416594326
44560                3.141073660025675451379               0.641999176765231771569
44610                3.141394423947495351257               0.644261595545788767758
44660                3.143564131687794027670               0.615812470895297225937
44710                3.134182783781515713173               0.675490664010603647505
44760                3.138561775879651349896               0.654294117964169474888
44810                3.142115663587166984883               0.635739422409163035255
44860                3.140555662071579323680               0.673622801448330643659
44910                3.138754138768262702541               0.658254103374954602224
44960                3.145075368288767325708               0.625092079548345447293
45010                3.141400623083378196299               0.650920530104414529760
45060                3.138290573730135424313               0.663284762556059170890
45110                3.144653677847568662429               0.617469979123194012693
45160                3.145076637802729724314               0.621463668098646504490
45210                3.136812665858556226084               0.660906109797589791377
45260                3.140099409107792727269               0.640302558418674450103
45310                3.143997775808845762668               0.633270756069611251426
45360                3.136478959140109434856               0.647721214160799751980
45410                3.141427005734142685611               0.661809110730050886851
45460                3.145456096400195633578               0.631907414496413188942
45510                3.141578079574058879331               0.662652883058001851424
45560                3.140226844164063724207               0.642032983511944266297
45610                3.139973998272578281643               0.665529920987599776794
45660                3.147395570653397811611               0.619911587661199803279
45710                3.138940690916111719844               0.673662384343562070654
45760                3.141835494593250732720               0.620715681368651406302
45810                3.144671926733844102841               0.616016080617106998041
45860                3.140653938488415342078               0.599658960155519227264
45910                3.145259551330092495647               0.621405139994243849166
45960                3.141705694099050649726               0.649947945203663612901
46010                3.141946340183054964257               0.643121651053141230037
46060                3.138991370946319303670               0.672424066950193077830
46110                3.143920857434680637965               0.679047558124409200708
46160                3.140395792075654224362               0.662355049041507437657
46210                3.145634689748607826232               0.646931153101954703466
46260                3.140854073686992986580               0.654199060998807646605
46310                3.148694529636884897883               0.615182362852751185578
46360                3.142689107539479387299               0.645632462179461907859
46410                3.137655856086982275599               0.620143393933512809824
46460                3.143273850232977562058               0.620035770852168321987
46510                3.141203587110606765265               0.650959417661069461580
46560                3.139266963969498114295               0.664795649719606585037
46610                3.139366527689856134486               0.639168303509711877020
46660                3.145194926678316793556               0.622490683363268959560
46710                3.140226999845363575758               0.637139250634884635183
46760                3.141803771405223155710               0.636751977578764449817
46810                3.143198353718772874998               0.622646271396132822140
46860                3.144032871178276788982               0.623595432226885515448
46910                3.147643266475954604289               0.600981885594839004838
46960                3.142341622860123084848               0.643044583674382330685
47010                3.139947268142373459909               0.664732692102858346850
47060                3.139145276833154252216               0.662510863208034983529
47110                3.147090441710392649810               0.609627208484752269868
47160                3.145799264444197884671               0.626178640169552824801
47210                3.139636229038989867490               0.665107268251819760962
47260                3.141592576046449813987               0.639269467321529782922
47310                3.146276077776152035881               0.630495021886637752040
47360                3.140851133950524509686               0.637074488000751393280
47410                3.141119296522561388230               0.627864948491291707811
47460                3.135824949949820972250               0.659276373540425342235
47510                3.142570585723911680276               0.656169810199486835955
47560                3.144621242714622066927               0.637422257800636549163
47610                3.141103845814477768528               0.645772849336468279802
47660                3.141346449963176468145               0.610536849908546175314
47710                3.138605300649920604172               0.644253161959124187597
47760                3.144245683396230006679               0.650743107917333252210
47810                3.139745066467436007684               0.648332104088096383698
47860                3.139461671063312753205               0.665513070417264374079
47910                3.143218133515681245171               0.615958742147691418189
47960                3.136370692708234653168               0.664077903990705653570
48010                3.141015053904391063355               0.647812155533900702054
48060                3.138642564760941500168               0.648463067364896894595
48110                3.145224405375724341383               0.633540708921539796883
48160                3.139322810744924474591               0.637977966874784474527
48210                3.144493266486522831116               0.627175291088992614696
48260                3.139457207070475153188               0.660561651593147058925
48310                3.142700013059611219290               0.659803769473618961783
48360                3.139694604546351630603               0.653723385451130845070
48410                3.136216927565551593204               0.683526399335245726796
48460                3.142134801070592953209               0.649290945022859444791
48510                3.138251065074456835902               0.676885835223221987711
48560                3.141891142180374352222               0.644429512881466770580
48610                3.139699745237513273111               0.639872634196102518800
48660                3.139956326259265129153               0.648380874200794377060
48710                3.146986801006861345087               0.599796092105098654912
48760                3.142744687314170892734               0.638746335986151825281
48810                3.141644875027850947191               0.660841231545004736958
48860                3.143330085788624828069               0.638024199602048258662
48910                3.143477346445912257167               0.644283885033202330384
48960                3.138880977634518565367               0.644978591075717089254
49010                3.143997255123410550226               0.629612337162020363479
49060                3.140932690306585506335               0.658439511072371752576
49110                3.139089389650507211371               0.663041372344638890723
49160                3.139652711505760418476               0.653649300847805481141
49210                3.141260187574623774509               0.648415711848822740038
49260                3.140036492656513633648               0.651177073008333384685
49310                3.139973350559456033437               0.634874649400409163391
49360                3.135526581123144307384               0.647787278356108831012
49410                3.143303998209619809501               0.602150270293943412625
49460                3.141574091935304124945               0.665031210731066635411
49510                3.139130224055495244073               0.673372296916269652556
49560                3.140899160260554268120               0.618468947710052119326
49610                3.141838029995916325987               0.637340914306840367054
49660                3.141842137221332098562               0.643321463259547199343
49710                3.140751462806703475650               0.633833787004578042001
49760                3.146015798720362077745               0.620191860260273397643
49810                3.144338729470482540762               0.621342767130250051011
49860                3.142921698595855239944               0.599658931105282788643
49910                3.146320652403940876241               0.599642884282706623011
49960                3.144612156213418163730               0.617780893803270836351
