2.000000000000000000000                2.718280000000000029559
2.299999999999999822364                2.871276861374091993184
2.599999999999999644729                3.071434255652742972842
2.899999999999999467093                3.314089271220709065346
3.199999999999999289457                3.593592406283277806978
3.499999999999999111822                3.904319013858770226477
3.799999999999998934186                4.241228244956687376543
4.099999999999998756550                4.600063263535228763601
4.399999999999998578915                4.977343722136976289505
4.699999999999998401279                5.370267760177952709455
4.999999999999998223643                5.776590728553978593141
5.299999999999998046007                6.194511433359643604035
5.599999999999997868372                6.622576483075629738551
5.899999999999997690736                7.059603958953253766140
6.199999999999997513100                7.504624059143050196496
6.499999999999997335465                7.956833477825438372122
6.799999999999997157829                8.415560464525633221911
7.099999999999996980193                8.880238027634536734922
7.399999999999996802558                9.350383295928970994737
7.699999999999996624922                9.825581526829411771473
7.999999999999996447286                10.305473627545337578226
8.299999999999997157829                10.789746343230344649555
8.599999999999997868372                11.278124481532410428031
8.899999999999998578915                11.770364702280097901621
9.199999999999999289457                12.266250518609989939023
9.500000000000000000000                12.765588242611233482648
9.800000000000000710543                13.268203672788704494678
10.100000000000001421085                13.773939368393882887176
10.400000000000002131628                14.282652391360681320975
10.700000000000002842171                14.794212423417414825622
11.000000000000003552714                15.308500186250165953084
11.300000000000004263256                15.825406108055751985830
11.600000000000004973799                16.344829191675746216106
11.900000000000005684342                16.866676048648400865204
12.200000000000006394885                17.390860070616849242242
12.500000000000007105427                17.917300715081236006654
12.800000000000007815970                18.445922886845295352032
13.100000000000008526513                18.976656399958692134078
13.400000000000009237056                19.509435507701610390541
13.700000000000009947598                20.044198490354187214280
14.000000000000010658141                20.580887292259880894107
14.300000000000011368684                21.119447201120205903635
14.600000000000012079227                21.659826563619109407455
14.900000000000012789769                22.201976532423223886781
15.200000000000013500312                22.745850840382185964472
15.500000000000014210855                23.291405598394380405125
15.800000000000014921397                23.838599113934325401942
16.100000000000015631940                24.387391727679357700254
16.400000000000016342483                24.937745666041706726901
16.700000000000017053026                25.489624907720926927368
17.000000000000017763568                26.042995062651502991002
17.300000000000018474111                26.597823261939868899617
17.600000000000019184654                27.154078057571041426854
17.900000000000019895197                27.711729330823196448819
18.200000000000020605739                28.270748208463434281157
18.500000000000021316282                28.831106985913450557746
18.800000000000022026825                29.392779056672988957644
19.100000000000022737368                29.955738847374298927662
19.400000000000023447910                30.519961757914622069165
19.700000000000024158453                31.085424106177487857394
20.000000000000024868996                31.652103076909178014375
20.300000000000025579538                32.219976674364907864856
20.600000000000026290081                32.789023678381468585030
20.900000000000027000624                33.359223603569951421832
21.200000000000027711167                33.930556661354515313178
21.500000000000028421709                34.503003724611637892394
21.800000000000029132252                35.076546294689272542655
22.100000000000029842795                35.651166470607542180460
22.400000000000030553338                36.226846920262197215834
22.700000000000031263880                36.803570853469317114559
23.000000000000031974423                37.381321996705317189935
23.300000000000032684966                37.960084569409886512403
23.600000000000033395509                38.539843261731945744941
23.900000000000034106051                39.120583213609414485745
24.200000000000034816594                39.702289995083596352288
24.500000000000035527137                40.284949587757608924221
24.800000000000036237680                40.868548367316272162952
25.100000000000036948222                41.453073087031938825930
25.400000000000037658765                42.038510862187123962030
25.700000000000038369308                42.624849155350545970578
26.000000000000039079850                43.212075762448485249934
26.300000000000039790393                43.800178799578020516492
26.600000000000040500936                44.389146690512937709627
26.900000000000041211479                44.978968154857085437470
27.200000000000041922021                45.569632196803453894063
27.500000000000042632564                46.161128094460373461061
27.800000000000043343107                46.753445389709263224631
28.100000000000044053650                47.346573878560981540886
28.400000000000044764192                47.940503601980253733927
28.700000000000045474735                48.535224837149890220189
29.000000000000046185278                49.130728089148604453840
29.300000000000046895821                49.727004083017966706848
29.600000000000047606363                50.324043756195891319294
29.900000000000048316906                50.921838251295596933232
30.200000000000049027449                51.520378909210329254620
30.500000000000049737992                52.119657262525599605851
30.800000000000050448534                52.719665029221857821540
31.100000000000051159077                53.320394106651626486837
31.400000000000051869620                53.921836565776239069692
31.700000000000052580162                54.523984645648198466006
32.000000000000049737992                55.126830748126202763615
32.300000000000046895821                55.730367432810517414055
32.600000000000044053650                56.334587412187339339198
32.900000000000041211479                56.939483546971359828603
33.200000000000038369308                57.545048841636507575004
33.500000000000035527137                58.151276440125336364417
33.800000000000032684966                58.758159621728218269254
34.100000000000029842795                59.365691797123950834703
34.400000000000027000624                59.973866504573926761168
34.700000000000024158453                60.582677406262419594896
35.000000000000021316282                61.192118284776022107962
35.300000000000018474111                61.802183039715657741908
35.600000000000015631940                62.412865684434905233502
35.900000000000012789769                63.024160342898859710203
36.200000000000009947598                63.636061246657874335142
36.500000000000007105427                64.248562731931045277634
36.800000000000004263256                64.861659236794437788376
37.100000000000001421085                65.475345298469378008122
37.399999999999998578915                66.089615550706398039438
37.699999999999995736744                66.704464721260592341423
37.999999999999992894573                67.319887629454470356904
38.299999999999990052402                67.935879183824454230489
38.599999999999987210231                68.552434379847539958064
38.899999999999984368060                69.169548297744640308338
39.199999999999981525889                69.787216100357426284972
39.499999999999978683718                70.405433031095611795536
39.799999999999975841547                71.024194411951796723770
40.099999999999972999376                71.643495641581026234235
40.399999999999970157205                72.263332193442494144620
40.699999999999967315034                72.883699614000903466149
40.999999999999964472863                73.504593520985054055927
41.299999999999961630692                74.126009601701454698741
41.599999999999958788521                74.747943611400700092418
41.899999999999955946350                75.370391371694651638791
42.199999999999953104179                75.993348769022418309760
42.499999999999950262008                76.616811753163275966472
42.799999999999947419838                77.240776335794691931369
43.099999999999944577667                77.865238589093848986522
43.399999999999941735496                78.490194644380935073968
43.699999999999938893325                79.115640690802720769170
43.999999999999936051154                79.741572974054875544425
44.299999999999933208983                80.367987795141658580178
44.599999999999930366812                80.994881509171591460472
44.899999999999927524641                81.622250524187862197323
45.199999999999924682470                82.250091300032096341965
45.499999999999921840299                82.878400347240486212286
45.799999999999918998128                83.507174225970956626952
46.099999999999916155957                84.136409544960457651541
46.399999999999913313786                84.766102960511119590592
46.699999999999910471615                85.396251175504517050285
46.999999999999907629444                86.026850938442834149100
47.299999999999904787273                86.657899042516262966274
47.599999999999901945102                87.289392324695498359688
47.899999999999899102932                87.921327664848661243013
48.199999999999896260761                88.553701984881811881678
48.499999999999893418590                89.186512247902143712963
48.799999999999890576419                89.819755457403317677745
49.099999999999887734248                90.453428656471970725761
49.399999999999884892077                91.087528927014972168763
49.699999999999882049906                91.722053389006518386850
49.999999999999879207735                92.356999199754568508069
50.299999999999876365564                92.992363553186024205388
2.000000000000000000000                2.718280000000000029559
2.299999999999999822364                2.871276861374091993184
2.599999999999999644729                3.071434255652742972842
2.899999999999999467093                3.314089271220709065346
3.199999999999999289457                3.593592406283277806978
3.499999999999999111822                3.904319013858770226477
3.799999999999998934186                4.241228244956687376543
4.099999999999998756550                4.600063263535228763601
4.399999999999998578915                4.977343722136976289505
4.699999999999998401279                5.370267760177952709455
4.999999999999998223643                5.776590728553978593141
5.299999999999998046007                6.194511433359643604035
5.599999999999997868372                6.622576483075629738551
5.899999999999997690736                7.059603958953253766140
6.199999999999997513100                7.504624059143050196496
6.499999999999997335465                7.956833477825438372122
6.799999999999997157829                8.415560464525633221911
7.099999999999996980193                8.880238027634536734922
7.399999999999996802558                9.350383295928970994737
7.699999999999996624922                9.825581526829411771473
7.999999999999996447286                10.305473627545337578226
8.299999999999997157829                10.789746343230344649555
8.599999999999997868372                11.278124481532410428031
8.899999999999998578915                11.770364702280097901621
9.199999999999999289457                12.266250518609989939023
9.500000000000000000000                12.765588242611233482648
9.800000000000000710543                13.268203672788704494678
10.100000000000001421085                13.773939368393882887176
10.400000000000002131628                14.282652391360681320975
10.700000000000002842171                14.794212423417414825622
11.000000000000003552714                15.308500186250165953084
11.300000000000004263256                15.825406108055751985830
11.600000000000004973799                16.344829191675746216106
11.900000000000005684342                16.866676048648400865204
12.200000000000006394885                17.390860070616849242242
12.500000000000007105427                17.917300715081236006654
12.800000000000007815970                18.445922886845295352032
13.100000000000008526513                18.976656399958692134078
13.400000000000009237056                19.509435507701610390541
13.700000000000009947598                20.044198490354187214280
14.000000000000010658141                20.580887292259880894107
14.300000000000011368684                21.119447201120205903635
14.600000000000012079227                21.659826563619109407455
14.900000000000012789769                22.201976532423223886781
15.200000000000013500312                22.745850840382185964472
15.500000000000014210855                23.291405598394380405125
15.800000000000014921397                23.838599113934325401942
16.100000000000015631940                24.387391727679357700254
16.400000000000016342483                24.937745666041706726901
16.700000000000017053026                25.489624907720926927368
17.000000000000017763568                26.042995062651502991002
17.300000000000018474111                26.597823261939868899617
17.600000000000019184654                27.154078057571041426854
17.900000000000019895197                27.711729330823196448819
18.200000000000020605739                28.270748208463434281157
18.500000000000021316282                28.831106985913450557746
18.800000000000022026825                29.392779056672988957644
19.100000000000022737368                29.955738847374298927662
19.400000000000023447910                30.519961757914622069165
19.700000000000024158453                31.085424106177487857394
20.000000000000024868996                31.652103076909178014375
20.300000000000025579538                32.219976674364907864856
20.600000000000026290081                32.789023678381468585030
20.900000000000027000624                33.359223603569951421832
21.200000000000027711167                33.930556661354515313178
21.500000000000028421709                34.503003724611637892394
21.800000000000029132252                35.076546294689272542655
22.100000000000029842795                35.651166470607542180460
22.400000000000030553338                36.226846920262197215834
22.700000000000031263880                36.803570853469317114559
23.000000000000031974423                37.381321996705317189935
23.300000000000032684966                37.960084569409886512403
23.600000000000033395509                38.539843261731945744941
23.900000000000034106051                39.120583213609414485745
24.200000000000034816594                39.702289995083596352288
24.500000000000035527137                40.284949587757608924221
24.800000000000036237680                40.868548367316272162952
25.100000000000036948222                41.453073087031938825930
25.400000000000037658765                42.038510862187123962030
25.700000000000038369308                42.624849155350545970578
26.000000000000039079850                43.212075762448485249934
26.300000000000039790393                43.800178799578020516492
26.600000000000040500936                44.389146690512937709627
26.900000000000041211479                44.978968154857085437470
27.200000000000041922021                45.569632196803453894063
27.500000000000042632564                46.161128094460373461061
27.800000000000043343107                46.753445389709263224631
28.100000000000044053650                47.346573878560981540886
28.400000000000044764192                47.940503601980253733927
28.700000000000045474735                48.535224837149890220189
29.000000000000046185278                49.130728089148604453840
29.300000000000046895821                49.727004083017966706848
29.600000000000047606363                50.324043756195891319294
29.900000000000048316906                50.921838251295596933232
30.200000000000049027449                51.520378909210329254620
30.500000000000049737992                52.119657262525599605851
30.800000000000050448534                52.719665029221857821540
31.100000000000051159077                53.320394106651626486837
31.400000000000051869620                53.921836565776239069692
31.700000000000052580162                54.523984645648198466006
32.000000000000049737992                55.126830748126202763615
32.300000000000046895821                55.730367432810517414055
32.600000000000044053650                56.334587412187339339198
32.900000000000041211479                56.939483546971359828603
33.200000000000038369308                57.545048841636507575004
33.500000000000035527137                58.151276440125336364417
33.800000000000032684966                58.758159621728218269254
34.100000000000029842795                59.365691797123950834703
34.400000000000027000624                59.973866504573926761168
34.700000000000024158453                60.582677406262419594896
35.000000000000021316282                61.192118284776022107962
35.300000000000018474111                61.802183039715657741908
35.600000000000015631940                62.412865684434905233502
35.900000000000012789769                63.024160342898859710203
36.200000000000009947598                63.636061246657874335142
36.500000000000007105427                64.248562731931045277634
36.800000000000004263256                64.861659236794437788376
37.100000000000001421085                65.475345298469378008122
37.399999999999998578915                66.089615550706398039438
37.699999999999995736744                66.704464721260592341423
37.999999999999992894573                67.319887629454470356904
38.299999999999990052402                67.935879183824454230489
38.599999999999987210231                68.552434379847539958064
38.899999999999984368060                69.169548297744640308338
39.199999999999981525889                69.787216100357426284972
39.499999999999978683718                70.405433031095611795536
39.799999999999975841547                71.024194411951796723770
40.099999999999972999376                71.643495641581026234235
40.399999999999970157205                72.263332193442494144620
40.699999999999967315034                72.883699614000903466149
40.999999999999964472863                73.504593520985054055927
41.299999999999961630692                74.126009601701454698741
41.599999999999958788521                74.747943611400700092418
41.899999999999955946350                75.370391371694651638791
42.199999999999953104179                75.993348769022418309760
42.499999999999950262008                76.616811753163275966472
42.799999999999947419838                77.240776335794691931369
43.099999999999944577667                77.865238589093848986522
43.399999999999941735496                78.490194644380935073968
43.699999999999938893325                79.115640690802720769170
43.999999999999936051154                79.741572974054875544425
44.299999999999933208983                80.367987795141658580178
44.599999999999930366812                80.994881509171591460472
44.899999999999927524641                81.622250524187862197323
45.199999999999924682470                82.250091300032096341965
45.499999999999921840299                82.878400347240486212286
45.799999999999918998128                83.507174225970956626952
46.099999999999916155957                84.136409544960457651541
46.399999999999913313786                84.766102960511119590592
46.699999999999910471615                85.396251175504517050285
46.999999999999907629444                86.026850938442834149100
47.299999999999904787273                86.657899042516262966274
47.599999999999901945102                87.289392324695498359688
47.899999999999899102932                87.921327664848661243013
48.199999999999896260761                88.553701984881811881678
48.499999999999893418590                89.186512247902143712963
48.799999999999890576419                89.819755457403317677745
49.099999999999887734248                90.453428656471970725761
49.399999999999884892077                91.087528927014972168763
49.699999999999882049906                91.722053389006518386850
49.999999999999879207735                92.356999199754568508069
50.299999999999876365564                92.992363553186024205388
