3.000000000000000000000                1.000000000000000000000
3.299999999999999822364                1.000000000000000000000
3.599999999999999644729                0.820000000000000062172
3.899999999999999467093                -0.014146341463414202622
4.199999999999999289457                167.199646761989896504019
4.499999999999999111822                168.984574959813272698739
4.799999999999998934186                170.768597170120671080440
5.099999999999998756550                172.551732242682447804327
5.399999999999998578915                174.333998430565770831890
5.699999999999998401279                176.115413415427184418149
5.999999999999998223643                177.895994331465857385410
6.299999999999998046007                179.675757788121927660541
6.599999999999997868372                181.454719891599125958237
6.899999999999997690736                183.232896265284153969333
7.199999999999997513100                185.010302069130602831137
7.499999999999997335465                186.786952018070280701068
7.799999999999997157829                188.562860399510299203030
8.099999999999997868372                190.338041089970317898405
8.399999999999998578915                192.112507570910395315877
8.699999999999999289457                193.886272943796711842879
9.000000000000000000000                195.659349944448990754609
9.300000000000000710543                197.431750956710686750739
9.600000000000001421085                199.203488025480226042419
9.900000000000002131628                200.974572869138881969775
10.200000000000002842171                202.745016891408965875598
10.500000000000003552714                204.514831192673511850444
10.800000000000004263256                206.284026580786644444743
11.100000000000004973799                208.052613581402226827777
11.400000000000005684342                209.820602447846368932005
11.700000000000006394885                211.588003170558039300886
12.000000000000007105427                213.354825486120319055772
12.300000000000007815970                215.121078885903557420534
12.600000000000008526513                216.886772624340437687351
12.900000000000009237056                218.651915726851825638732
13.200000000000009947598                220.416516997440879777059
13.500000000000010658141                222.180585025972106905101
13.800000000000011368684                223.944128195151108684513
14.100000000000012079227                225.707154687219770039519
14.400000000000012789769                227.469672490380588669723
14.700000000000013500312                229.231689404963503875479
15.000000000000014210855                230.993213049347502874298
15.300000000000014921397                232.754250865648714352574
15.600000000000015631940                234.514810125185931610758
15.900000000000016342483                236.274897933734138177897
16.200000000000017053026                238.034521236575756120146
16.500000000000017763568                239.793686823359109894227
16.800000000000018474111                241.552401332772802788895
17.100000000000019184654                243.310671257044361937005
17.400000000000019895197                245.068502946271166820225
17.700000000000020605739                246.825902612591050910851
18.000000000000021316282                248.582876334199710299799
18.300000000000022026825                250.339430059221854207863
18.600000000000022737368                252.095569609442122782639
18.900000000000023447910                253.851300683902138644044
19.200000000000024158453                255.606628862369404942001
19.500000000000024868996                257.361559608683478472813
19.800000000000025579538                259.116098273984562183614
20.100000000000026290081                260.870250099829661394324
20.400000000000027000624                262.624020221200794367178
20.700000000000027711167                264.377413669409804697352
21.000000000000028421709                266.130435374904152467934
21.300000000000029132252                267.883090169977663208556
21.600000000000029842795                269.635382791389872636501
21.900000000000030553338                271.387317882898173593276
22.200000000000031263880                273.138899997705493660760
22.500000000000031974423                274.890133600827880400175
22.800000000000032684966                276.641023071384154263797
23.100000000000033395509                278.391572704811210314801
23.400000000000034106051                280.141786715007924613019
23.700000000000034816594                281.891669236410280063865
24.000000000000035527137                283.641224326000099154044
24.300000000000036237680                285.390455965250623648899
24.600000000000036948222                287.139368062010532867134
24.900000000000037658765                288.887964452329242703854
25.200000000000038369308                290.636248902225531764998
25.500000000000039079850                292.384225109401654663088
25.800000000000039790393                294.131896704904875150532
26.100000000000040500936                295.879267254738408610137
26.400000000000041211479                297.626340261423536048824
26.700000000000041922021                299.373119165514879114198
27.000000000000042632564                301.119607347070200376038
27.300000000000043343107                302.865808127076775235764
27.600000000000044053650                304.611724768835415488866
27.900000000000044764192                306.357360479303963529674
28.200000000000045474735                308.102718410401791970799
28.500000000000046185278                309.847801660276047641673
28.800000000000046895821                311.592613274531913702958
29.100000000000047606363                313.337156247427174093900
29.400000000000048316906                315.081433523033069832309
29.700000000000049027449                316.825447996362186131591
30.000000000000049737992                318.569202514464507203229
30.300000000000050448534                320.312699877492946143320
30.600000000000051159077                322.055942839739032024227
30.900000000000051869620                323.798934110640288963623
31.200000000000052580162                325.541676355759420857794
31.500000000000053290705                327.284172197737120768579
31.800000000000054001248                329.026424217218902867899
32.100000000000051159077                330.768434953756582217466
32.400000000000048316906                332.510206906685823469161
32.700000000000045474735                334.251742535980213233415
33.000000000000042632564                335.993044263082254019537
33.300000000000039790393                337.734114471712814520288
33.600000000000036948222                339.474955508659149927553
33.900000000000034106051                341.215569684542060713284
34.200000000000031263880                342.955959274563383587520
34.500000000000028421709                344.696126519234098850575
34.800000000000025579538                346.436073625083452043327
35.100000000000022737368                348.175802765350169920566
35.400000000000019895197                349.915316080655998121074
35.700000000000017053026                351.654615679662128968630
36.000000000000014210855                353.393703639708974151290
36.300000000000011368684                355.132582007440078086802
36.600000000000008526513                356.871252799410569878091
36.900000000000005684342                358.609718002679983328562
37.200000000000002842171                360.347979575391093476355
37.500000000000000000000                362.086039447334030683123
37.799999999999997157829                363.823899520496922832535
38.099999999999994315658                365.561561669602895108255
38.399999999999991473487                367.299027742634223159257
38.699999999999988631316                369.036299561343923869572
38.999999999999985789145                370.773378921754783732467
39.299999999999982946974                372.510267594646961697435
39.599999999999980104803                374.246967326033541212382
39.899999999999977262632                375.983479837625111485977
40.199999999999974420462                377.719806827283434813580
40.499999999999971578291                379.455949969464427340426
40.799999999999968736120                381.191910915650794322573
41.099999999999965893949                382.927691294774774632970
41.399999999999963051778                384.663292713631108199479
41.699999999999960209607                386.398716757280396905117
41.999999999999957367436                388.133964989443370541267
42.299999999999954525265                389.869038952886171500722
42.599999999999951683094                391.603940169796942427638
42.899999999999948840923                393.338670142153944198071
43.199999999999945998752                395.073230352085261074535
43.499999999999943156581                396.807622262220775155583
43.799999999999940314410                398.541847316036012216500
44.099999999999937472239                400.275906938188654748956
44.399999999999934630068                402.009802534847494825954
44.699999999999931787897                403.743535494014111009164
44.999999999999928945726                405.477107185837780889415
45.299999999999926103555                407.210518962923345043237
45.599999999999923261385                408.943772160632420309412
45.899999999999920419214                410.676868097378360289440
46.199999999999917577043                412.409808074914508324582
46.499999999999914734872                414.142593378616709287598
46.799999999999911892701                415.875225277759511754994
47.099999999999909050530                417.607705025786685837375
47.399999999999906208359                419.340033860576113511343
47.699999999999903366188                421.072213004698937766079
47.999999999999900524017                422.804243665673254781723
48.299999999999897681846                424.536127036212974417140
48.599999999999894839675                426.267864294471053199231
48.899999999999891997504                427.999456604277781934798
49.199999999999889155333                429.730905115374525848893
49.499999999999886313162                431.462210963642348815483
49.799999999999883470991                433.193375271326033271180
50.099999999999880628820                434.924399147253780029132
