0.000000000000000000000                2.000000000000000000000                1.000000000000000000000
0.299999999999999988898                2.295500000000000095923                0.954999999999999960032
0.599999999999999977796                2.566025000000000222400                0.833500000000000018652
0.899999999999999911182                2.792067500000000368487                0.658449999999999979750
1.199999999999999955591                2.959972250000000304482                0.445915000000000061320
1.500000000000000000000                3.060180575000000402497                0.207140500000000060687
1.800000000000000044409                3.086001402500000434515                -0.050001649999999897567
2.100000000000000088818                3.032750981750000462966                -0.320001154999999870565
2.399999999999999911182                2.897150687225000353919                -0.599000808499999815027
2.699999999999999733546                2.676905481057500590936                -0.884300565949999839432
2.999999999999999555911                2.370408836740250713149                -1.174010396164999692203
3.299999999999999378275                1.976536185718175797632                -1.466807277315499646875
3.599999999999999200639                1.494500330002723309519                -1.761765094120849584058
3.899999999999999023004                0.923750231001906785266                -2.058235565884594553410
4.199999999999999289457                0.263900161701335345121                -2.355764896119215912051
4.499999999999999111822                -0.485319886809064571231                -2.654035427283450765401
4.799999999999998934186                -1.324098920766344500421                -2.952824799098415553544
5.099999999999998756550                -2.252569244536440251636                -3.251977359368890763136
5.399999999999998578915                -3.270823471175507091147                -3.551384151558223400968
5.699999999999998401279                -4.378926429822853627627                -3.850968906090756149752
5.999999999999998223643                -5.576923500875995642900                -4.150678234263528665338
6.299999999999998046007                -6.864846450613195649737                -4.450474763984469284139
6.599999999999997868372                -8.242717515429234254043                -4.750332334789128196917
6.899999999999997690736                -9.710552260800461965573                -5.050232634352388672028
7.199999999999997513100                -11.268361582560320499624                -5.350162844046671750675
7.499999999999997335465                -12.916153107792220922079                -5.650113990832669408348
7.799999999999997157829                -14.653932175454551511962                -5.950079793582867537793
8.099999999999997868372                -16.481702522818181932962                -6.250055855508006352750
8.399999999999998578915                -18.399466765972722015476                -6.550039098855603647564
8.699999999999999289457                -20.407226736180902548767                -6.850027369198921967097
9.000000000000000000000                -22.504983715326627446984                -7.150019158439245181569
9.300000000000000710543                -24.692738600728635134374                -7.450013410907471822497
9.600000000000001421085                -26.970492020510040021009                -7.750009387635230950764
9.900000000000002131628                -29.338244414357024680839                -8.050006571344662020806
10.200000000000002842171                -31.795996090049914784004                -8.350004599941264871177
10.500000000000003552714                -34.343747263034934746884                -8.650003219958886546692
10.800000000000004263256                -36.981498084124453384902                -8.950002253971222287987
11.100000  -39.709249 -9.250002
