0.000000000000000000000                1.000000000000000000000                0.400000000000000022204
0.029999999999999998890                1.012629999999999919069                0.442000000000000003997
0.059999999999999997780                1.026538899999999809864                0.485260000000000024656
0.089999999999999996669                1.041765066999999822528                0.529817800000000005411
0.119999999999999995559                1.058348019009999863016                0.575712333999999992251
0.149999999999999994449                1.076328459580299767850                0.622983704020000028656
0.179999999999999993339                1.095748313367708837163                0.671673215140600077255
0.209999999999999992228                1.116650762768740090536                0.721823411594818109549
0.239999999999999991118                1.139080285651802304514                0.773478113942662637292
0.270000000000000017764                1.163082694221356350184                0.826682457360942479774
0.300000000000000044409                1.188705175047997109061                0.881482931081770781923
0.330000000000000071054                1.215996330299436989364                0.937927419014223939797
0.360000000000000097700                1.245006220208420000262                0.996065241584650706841
0.390000000000000124345                1.275786406814672702126                1.055947198832190236928
0.420000000000000150990                1.308389999019112792666                1.117625614797155941815
0.450000000000000177636                1.342871698989686279901                1.181154383241070693344
0.480000000000000204281                1.379287849959376810460                1.246589014738302747531
0.510000000000000230926                1.417696485458158184301                1.313986685180451807753
0.540000000000000257572                1.458157380021902982392                1.383406285735865326458
0.570000000000000284217                1.500732101422560083037                1.454908474307941235182
0.600000000000000310862                1.545484064465236784258                1.528555728537179358995
0.630000000000000337508                1.592478586399193929424                1.604412400393294690915
0.660000000000000364153                1.641782943991169751996                1.682544772405093480572
0.690000000000000390799                1.693466432310904767888                1.763021115577246389350
0.720000000000000417444                1.747600425280231961622                1.845911749044563787692
0.750000000000000444089                1.804258438038638834300                1.931289101515900608064
0.780000000000000470735                1.863516191179797942823                2.019227774561377586338
0.810000000000000497380                1.925451676915191923101                2.109804607798218878401
0.840000000000000524025                1.990145227222647639209                2.203098746032165600184
0.870000000000000550671                2.057679584039326936562                2.299191708413130363908
0.900000000000000577316                2.128139971560506715775                2.398167459665524248180
0.930000000000000603961                2.201614170707321793685                2.500112483455489975626
0.960000000000000630607                2.278192595828541389125                2.605115857959154457291
0.990000000000000657252                2.357968373703397624297                2.713269333697929219795
1.020000  2.441037 2.824667
