0.000000000000000000000                1.000000000000000000000                0.966320816861794273933
0.029999999999999998890                1.029874468873441584194                1.025310441367648151001
0.059999999999999997780                1.061545171813086385626                1.086069754608677495611
0.089999999999999996669                1.095065995840920569648                1.148651847246937807157
0.119999999999999995559                1.130492444589589862147                1.213111402664345916946
0.149999999999999994449                1.167881686800719132080                1.279504744744276223400
0.179999999999999993339                1.207292606278182356405                1.347889887086604510102
0.209999999999999992228                1.248785853339969387221                1.418326583699202725342
0.239999999999999991118                1.292423897813610000895                1.490876381210178847070
0.270000000000000017764                1.338271083621459967006                1.565602672646484228025
0.300000000000000044409                1.386393685003545428458                1.642570752825878832581
0.330000000000000071054                1.436859964427093405703                1.721847875410655204220
0.360000000000000097700                1.489740232233347949631                1.803503311672974840363
0.390000000000000124345                1.545106908073790030755                1.887608411023164123321
0.420000000000000150990                1.603034584189445332925                1.974236663353859055903
0.450000000000000177636                1.663600090588570390437                2.063463763254474780950
0.480000000000000204281                1.726882562179669067248                2.155367676152109002174
0.510000000000000230926                1.792963507918500898342                2.250028706436672187863
0.540000000000000257572                1.861926882029497631876                2.347529567629772273563
0.570000000000000284217                1.933859157363824188280                2.447955454658665264134
0.600000000000000310862                2.008849400958180542176                2.551394118298425439662
0.630000000000000337508                2.086989351860367492009                2.657935941847378025216
0.660000000000000364153                2.168373501289620364219                2.767674020102799392617
0.690000000000000390799                2.253099175201750625774                2.880704240705883378837
0.720000000000000417444                2.341266619331244580593                2.997125367927059969020
0.750000000000000444089                2.432979086784623490303                3.117039128964871785854
0.780000000000000470735                2.528342928261603894668                3.240550302833817841730
0.810000000000000497380                2.627467684982893736390                3.367766811918832203787
0.840000000000000524025                2.730466184405822005488                3.498799816276397134374
0.870000000000000550671                2.837454638811438112356                3.633763810764689239363
0.900000000000000577316                2.948552746849222749859                3.772776725087629845490
0.930000000000000603961                3.063883798128141044970                3.915960026840258567660
0.960000000000000630607                3.183574780945427118439                4.063438827645466489003
0.990000000000000657252                3.307756493247231421861                4.215341992474830767890
1.020000  3.436564 4.371802
