0.000000000000000000000                1.000000000000000000000                1.600000000000000088818
0.029999999999999998890                1.049169999999999935980                1.678000000000000158096
0.059999999999999997780                1.100715099999999946334                1.758340000000000236113
0.089999999999999996669                1.154706553000000024412                1.841090200000000232095
0.119999999999999995559                1.211217749590000059001                1.926322906000000223514
0.149999999999999994449                1.270324282077700095428                2.014112593180000132520
0.179999999999999993339                1.332104010540031024945                2.104535970975399905569
0.209999999999999992228                1.396637130856231978626                2.197672050104662044845
0.239999999999999991118                1.464006244781918875120                2.293602211607801866222
0.270000000000000017764                1.534296432125376474787                2.392410277956035891123
0.300000000000000044409                1.607595325089137716645                2.494182586294717118847
0.330000000000000071054                1.683993184841811929786                2.599008063883558428131
0.360000000000000097700                1.763582980387066179162                2.706978305800065154330
0.390000000000000124345                1.846460469798678172282                2.818187654974066980174
0.420000000000000150990                1.932724283892638617033                2.932733284623289193860
0.450000000000000177636                2.022476012409417656102                3.050715283161987922966
0.480000000000000204281                2.115820292781700029394                3.172236741656847769377
0.510000000000000230926                2.212864901565151143359                3.297403843906553166931
0.540000000000000257572                2.313720848612105474018                3.426325959223749606508
0.570000000000000284217                2.418502474070468810652                3.559115738000461881541
0.600000000000000310862                2.527327548292582992673                3.695889210140475888977
0.630000000000000337508                2.640317374741360634260                3.836765886444690298873
0.660000000000000364153                2.757596895983601470448                3.981868863038030781354
0.690000000000000390799                2.879294802863109570268                4.131324928929172024539
0.720000000000000417444                3.005543646949002667412                4.285264676797047478374
0.750000000000000444089                3.136479956357472786976                4.443822617100958716208
0.780000000000000470735                3.272244355048196773339                4.607137295613987326703
0.810000000000000497380                3.412981685699642664389                4.775351414482407186313
0.840000000000000524025                3.558841136270631810845                4.948611956916879606183
0.870000000000000550671                3.709976370358750941136                5.127070315624385976605
0.900000000000000577316                3.866545661469513284203                5.310882425093117475967
0.930000000000000603961                4.028712031313598451732                5.500208897845911160118
0.960000000000000630607                4.196643392253006865644                5.695215164781288308404
0.990000000000000657252                4.370512694020597166400                5.896071619724726708967
1.020000  4.550498 6.102954
